587.36
2.1875
6
9
black_horizontal
black_vertical
black_top_left
black_top_right
black_left
black_right
black_bottom
black_flag
green_single
1,1,1,1,1,1,1,1,1,1,1,1,1,1,1;1,0,0,0,0,0,0,0,0,0,0,0,0,0,1;1,0,0,0,0,0,0,0,0,0,0,0,0,0,1;1,0,0,0,0,0,0,0,0,0,0,0,0,0,1;1,0,0,0,0,0,0,0,0,0,0,0,0,0,1;1,0,0,0,0,0,0,0,0,0,0,0,0,0,1;1,0,0,0,0,0,0,0,0,0,0,0,0,0,1;1,1,1,1,1,0,0,0,0,0,1,1,1,1,1
587.36
50
dsus4.wav
0,0,0,0,0,0,0,0,0,0,0,0,0,0,0;0,0,0,0,0,0,0,0,0,0,0,0,0,0,0;0,0,0,0,0,0,0,0,0,0,0,0,0,0,0;0,0,0,0,0,0,0,0,0,0,0,0,0,0,0;0,0,0,0,0,0,0,0,0,0,0,0,0,0,0;0,0,0,0,0,0,0,0,0,0,0,0,0,0,0;0,0,0,0,0,0,0,0,0,0,0,0,8,0,0;5,1,1,1,6,0,0,0,0,0,5,1,1,1,6
740.00
50
gbdim.wav
3,1,1,1,1,1,1,1,1,1,1,1,1,1,4;2,0,0,0,0,0,0,0,9,0,0,0,0,0,2;2,0,0,0,0,0,0,0,9,0,0,0,0,0,2;2,0,0,0,0,0,0,0,9,0,0,0,0,0,2;2,0,0,0,0,0,0,0,9,0,0,0,0,0,2;2,0,0,0,0,0,0,0,9,0,0,0,0,0,2;7,0,0,0,0,0,0,0,9,0,0,0,0,0,7;0,0,0,0,0,0,0,0,0,0,0,0,0,0,0
