196.00
1.1875
6
16
black_horizontal
black_vertical
black_top_left
black_top_right
black_bottom_left
black_bottom_right
black_left
black_right
black_top
black_t_top
black_t_bottom
black_t_left
black_flag
blue_single
red_single
black_t_right
1,1,1,1,1,1,1,1,1,1,1,1,1,1;1,0,0,0,0,0,0,0,0,1,0,0,0,1;1,0,0,0,0,0,0,0,0,1,0,0,0,1;1,0,0,0,0,0,1,0,0,1,0,0,0,1;1,1,1,1,1,1,1,0,0,1,1,1,0,1;1,0,0,0,0,1,0,0,0,0,0,0,0,1;1,0,0,0,0,1,0,1,1,1,1,1,1,1;1,0,0,0,0,1,0,0,0,0,0,0,0,1;1,0,0,0,0,1,1,1,1,0,1,0,0,1;1,0,0,0,0,0,0,0,0,0,1,0,0,1;1,1,1,1,1,1,1,1,1,1,1,1,1,1
196.00
50
gmaj7.wav
3,1,1,1,1,1,1,1,1,10,1,1,1,4;2,0,0,0,0,0,15,15,15,2,15,15,15,2;2,0,0,0,0,0,15,15,15,2,15,15,15,2;2,0,0,13,0,0,9,15,15,2,15,15,15,2;12,1,1,1,1,10,6,15,15,5,1,8,15,2;2,0,0,0,0,2,15,15,15,15,15,15,15,2;2,0,0,0,0,2,15,7,1,1,1,1,1,16;2,14,14,14,14,2,15,15,15,15,15,15,15,2;2,0,0,0,0,5,1,1,8,15,9,15,15,2;2,15,15,15,15,15,15,15,15,15,2,15,15,2;5,1,1,1,1,1,1,1,1,1,11,1,1,6
