1.1875
5
11
black_horizontal
black_vertical
black_top_left
black_top_right
black_bottom_left
black_bottom_right
black_left
black_right
black_t_left
black_flag
blue_single
1,1,1,1,1,1,1,1,1,1,1;1,0,0,0,0,0,0,0,0,0,1;1,0,0,0,0,0,0,0,0,0,1;1,0,0,0,0,0,0,0,0,0,1;1,1,1,1,1,1,1,1,1,0,1;1,0,0,0,0,0,0,0,0,0,1;1,1,1,0,0,0,0,0,1,1,1
1661.28
100
dbsus2.wav
3,1,1,1,1,1,1,1,1,1,4;2,0,0,0,0,0,0,0,0,0,2;2,0,0,0,0,0,0,0,0,0,2;2,0,10,0,0,0,0,0,0,0,2;9,1,1,1,1,1,1,1,8,0,2;2,0,0,0,0,0,0,0,0,0,2;5,1,8,0,0,0,0,0,7,1,6
740.00
100
gbdim.wav
3,1,1,1,1,1,1,1,1,1,4;2,0,0,0,0,0,0,0,0,0,2;2,0,0,0,0,0,0,0,0,0,2;2,0,0,0,0,0,0,0,0,0,2;9,1,1,1,1,1,1,1,8,11,2;2,0,0,0,0,0,0,0,0,0,2;5,1,8,11,11,11,11,11,7,1,6
