1661.28
4.1875
4
9
black_horizontal
black_vertical
black_top_left
black_top_right
black_bottom_left
black_bottom_right
black_flag
green_single
blue_single
1,1,1,1,1,1,1,1,1;1,0,0,0,0,0,0,0,1;1,0,0,0,0,0,0,0,1;1,0,0,0,0,0,0,0,1;1,0,0,0,0,0,0,0,1;1,0,0,0,0,0,0,0,1;1,0,0,0,0,0,0,0,1;1,0,0,0,0,0,0,0,1;1,1,1,1,1,1,1,1,1
1661.28
50
dbsus2.wav
3,1,1,1,1,1,1,1,4;2,0,0,0,0,0,0,0,2;2,0,0,0,7,0,0,0,2;2,0,0,3,1,4,0,0,2;2,0,0,2,0,2,0,0,2;2,9,9,5,1,6,9,9,2;2,0,0,0,0,0,0,0,2;2,0,0,0,0,0,0,0,2;5,1,1,1,1,1,1,1,6
784.00
50
gmaj7.wav
3,1,1,1,1,1,1,1,4;2,0,0,0,0,0,0,0,2;2,0,0,0,0,0,0,0,2;2,0,0,8,8,8,0,0,2;2,0,0,8,0,8,0,0,2;2,0,0,8,8,8,0,0,2;2,0,0,0,0,0,0,0,2;2,0,0,0,0,0,0,0,2;5,1,1,1,1,1,1,1,6
