1480.00
4.1875
26
10
black_horizontal
black_vertical
black_left
black_right
black_top
black_bottom
black_flag
red_single
blue_single
green_single
1,1,1,1,1,1,1,1,1;1,0,0,0,0,0,0,0,1;1,0,0,0,0,0,0,0,1;1,0,0,0,0,0,0,0,1;1,0,0,0,0,0,0,0,1;1,0,0,0,0,0,0,0,1;1,1,1,0,0,0,0,0,1;1,0,0,0,0,0,0,0,1;1,0,0,0,0,0,0,0,1;1,0,0,0,0,0,0,0,1;1,0,0,0,0,0,0,0,1;1,0,0,0,0,0,0,0,1;1,0,0,0,0,0,0,0,1;1,0,0,0,0,0,0,0,1;1,0,0,0,0,0,0,0,1;1,0,0,0,0,0,0,0,1;1,0,0,0,0,0,0,0,1;1,0,0,0,0,0,0,0,1;1,1,1,0,0,0,0,0,1;1,0,0,0,0,0,0,0,1;1,0,0,0,0,0,0,0,1;1,0,0,0,0,0,1,1,1;1,0,0,0,0,0,0,0,1;1,0,0,0,0,0,0,0,1;1,1,1,0,0,0,0,0,1;1,0,0,0,0,0,0,0,1;1,0,0,0,0,0,0,0,1;1,1,1,1,1,1,1,1,1
1480.00
50
gmaj7.wav
3,1,1,1,1,1,1,1,4;0,0,0,0,0,0,0,0,0;0,0,0,0,0,0,0,0,0;0,0,0,0,0,0,0,0,0;0,0,0,0,0,0,0,0,0;0,0,0,0,0,0,0,0,0;0,3,4,0,0,0,0,0,0;0,0,0,0,0,0,0,0,0;0,0,0,0,0,0,0,0,0;0,0,0,0,0,0,0,0,0;0,0,0,0,0,0,0,0,0;0,0,0,0,0,0,0,0,0;0,0,0,0,0,0,0,0,0;0,0,0,0,0,0,0,0,0;0,0,0,0,0,0,0,0,0;0,0,0,0,0,0,0,0,0;0,0,0,0,0,0,0,0,0;0,8,8,0,0,0,0,0,0;0,3,4,0,0,0,0,0,0;0,0,0,0,0,0,0,0,0;0,0,0,0,0,0,0,0,0;0,0,0,0,0,0,3,4,0;0,0,0,0,0,0,0,0,0;0,0,0,0,0,0,0,0,0;0,3,4,0,0,0,0,0,0;0,0,0,0,0,0,0,0,0;0,0,0,0,0,0,0,0,0;3,1,1,1,1,1,1,1,4
1108.80
50
bbm7.wav
5,0,0,0,0,0,0,0,5;2,0,0,0,0,0,0,0,2;2,0,0,0,0,0,0,0,2;2,0,0,0,0,0,0,0,2;2,0,0,0,0,0,0,0,2;2,0,0,0,0,0,0,0,2;2,0,0,0,0,0,0,0,2;2,0,0,0,0,0,0,0,2;2,0,0,0,0,0,0,0,2;2,0,0,0,0,0,10,10,2;2,0,0,0,0,0,0,0,2;2,0,0,0,0,0,0,0,2;2,9,9,0,0,0,0,0,2;2,0,0,0,0,0,0,0,2;2,0,0,0,0,0,0,0,2;2,0,0,0,0,0,10,10,2;2,0,0,0,0,0,0,0,2;2,0,0,0,0,0,0,0,2;2,0,0,0,0,0,0,0,2;2,0,0,0,0,0,0,0,2;2,0,0,0,0,0,0,0,2;2,0,0,0,0,0,0,0,2;2,0,0,0,0,0,0,0,2;2,0,0,0,0,0,0,0,2;2,0,0,0,0,0,0,0,2;2,0,0,0,0,0,0,0,2;2,0,0,0,0,0,0,0,2;6,0,0,0,0,0,0,0,6
659.28
50
e7.wav
0,0,0,0,0,0,0,0,0;0,0,0,0,0,0,0,0,0;0,0,0,0,0,7,0,0,0;0,0,0,0,0,0,0,0,0;0,0,0,0,0,0,0,0,0;0,0,0,0,0,0,0,0,0;0,0,0,0,0,0,0,0,0;0,0,0,0,0,0,0,0,0;0,0,0,0,0,0,0,0,0;0,0,0,0,0,0,0,0,0;0,0,0,0,0,0,0,0,0;0,0,0,0,0,0,0,0,0;0,0,0,0,0,0,0,0,0;0,0,0,0,0,0,0,0,0;0,0,0,0,0,0,0,0,0;0,0,0,0,0,0,0,0,0;0,0,0,0,0,0,0,0,0;0,0,0,0,0,0,0,0,0;0,0,0,0,0,0,0,0,0;0,0,0,0,0,0,0,0,0;0,0,0,0,0,0,0,0,0;0,0,0,0,0,0,0,0,0;0,0,0,0,0,0,0,0,0;0,0,0,0,0,0,0,0,0;0,0,0,0,0,0,0,0,0;0,0,0,0,0,0,0,0,0;0,0,0,0,0,0,0,0,0;0,0,0,0,0,0,0,0,0
