523.28
2.1875
7
11
black_horizontal
black_vertical
black_bottom_left
black_bottom_right
black_top
black_bottom
black_flag
green_single
red_single
blue_single
black_t_bottom
1,0,0,0,0,0,0,0,1,0,0,0,1;1,0,0,0,0,0,0,0,1,0,0,0,1;1,0,0,0,0,0,0,0,1,0,0,0,1;1,0,0,0,0,0,0,0,1,0,0,0,1;1,0,0,0,0,0,0,0,1,0,0,0,1;1,0,0,0,0,0,0,0,1,0,0,0,1;1,0,0,0,1,0,0,0,0,0,0,0,1;1,0,0,0,1,0,0,0,0,0,0,0,1;1,1,1,1,1,1,1,1,1,1,1,1,1
523.28
50
c.wav
5,0,0,0,0,0,0,0,5,0,0,0,5;2,0,0,0,0,0,0,0,2,0,0,0,2;2,0,0,0,0,0,0,0,2,8,8,8,2;2,0,0,0,0,0,0,0,2,0,0,0,2;2,0,0,0,0,0,0,0,2,0,0,0,2;2,0,0,0,0,0,0,0,6,10,10,10,2;2,0,0,0,5,0,0,0,0,0,0,0,2;2,0,0,0,2,0,0,0,0,0,0,0,2;3,1,1,1,11,1,1,1,1,1,1,1,4
784.00
50
gbdim.wav
5,0,0,0,0,0,0,0,5,0,0,0,5;2,0,0,0,0,0,0,0,2,0,7,0,2;2,0,0,0,0,0,0,0,2,0,0,0,2;2,0,0,0,0,0,0,0,2,0,0,0,2;2,0,0,0,0,0,0,0,2,0,0,0,2;2,8,8,8,9,9,9,9,6,0,0,0,2;2,0,0,0,5,0,0,0,0,0,0,0,2;2,0,0,0,2,0,0,0,0,0,0,0,2;3,1,1,1,11,1,1,1,1,1,1,1,4
