1174.72
6.1875
11
11
black_horizontal
black_vertical
black_top_left
black_top_right
black_bottom_left
black_bottom_right
black_left
black_right
black_top
black_bottom
black_flag
1,1,1,1,1,1,1,1,1,1,1,1,1;1,0,0,0,1,0,0,0,0,0,0,0,1;1,0,0,0,1,0,0,0,0,0,0,0,1;1,0,0,0,1,1,1,1,1,0,0,0,1;1,0,0,0,0,0,0,0,0,0,0,0,1;1,1,1,0,0,0,0,0,0,0,0,0,1;1,0,0,0,0,0,0,0,1,1,1,1,1;1,0,0,0,0,0,0,0,0,0,0,0,1;1,0,0,0,1,1,0,0,0,0,0,0,1;1,0,0,0,0,0,0,0,0,0,0,0,1;1,1,1,0,0,0,0,0,0,0,0,0,1;1,0,0,0,0,0,0,0,0,0,0,0,1;1,1,1,1,1,1,1,1,1,1,1,1,1
1174.72
100
e7.wav
3,1,1,1,1,1,1,1,1,1,1,1,4;2,0,0,0,0,0,0,0,0,0,0,0,2;2,0,0,0,0,0,11,0,0,0,0,0,2;2,0,0,0,7,1,1,1,8,0,0,0,2;2,0,0,0,0,0,0,0,0,0,0,0,2;2,0,0,0,0,0,0,0,0,0,0,0,2;2,0,0,0,0,0,0,0,0,0,0,0,2;2,0,0,0,0,0,0,0,0,0,0,0,2;2,0,0,0,0,0,0,0,0,0,0,0,2;2,0,0,0,0,0,0,0,0,0,0,0,2;2,0,0,0,0,0,0,0,0,0,0,0,2;2,0,0,0,0,0,0,0,0,0,0,0,2;5,1,1,1,1,1,1,1,1,1,1,1,6
587.36
100
dsus4.wav
0,0,0,0,0,0,0,0,0,0,0,0,0;0,0,0,0,0,0,0,0,0,0,0,0,0;0,0,0,0,0,0,0,0,0,0,0,0,0;0,0,0,0,0,0,0,0,0,0,0,0,0;0,0,0,0,0,0,0,0,0,0,0,0,0;0,7,8,0,0,0,0,0,0,0,0,0,0;0,0,0,0,0,0,0,0,0,0,0,0,0;0,0,0,0,0,0,0,0,0,0,0,0,0;0,0,0,0,7,8,0,0,0,0,0,0,0;0,0,0,0,0,0,0,0,0,0,0,0,0;0,7,8,0,0,0,0,0,0,0,0,0,0;0,0,0,0,0,0,0,0,0,0,0,0,0;0,0,0,0,0,0,0,0,0,0,0,0,0
233.08
100
bbm7.wav
0,0,0,0,0,0,0,0,0,0,0,0,0;0,0,0,0,9,0,0,0,0,0,0,0,0;0,0,0,0,10,0,0,0,0,0,0,0,0;0,0,0,0,0,0,0,0,0,0,0,0,0;0,0,0,0,0,0,0,0,0,0,0,0,0;0,0,0,0,0,0,0,0,0,0,0,0,0;0,0,0,0,0,0,0,0,7,1,1,8,0;0,0,0,0,0,0,0,0,0,0,0,0,0;0,0,0,0,0,0,0,0,0,0,0,0,0;0,0,0,0,0,0,0,0,0,0,0,0,0;0,0,0,0,0,0,0,0,0,0,0,0,0;0,0,0,0,0,0,0,0,0,0,0,0,0;0,0,0,0,0,0,0,0,0,0,0,0,0
