1661.28
2.1875
9
14
black_horizontal
black_vertical
black_top_left
black_top_right
black_bottom_left
black_bottom_right
black_left
black_right
black_top
black_bottom
black_flag
black_t_bottom
red_single
black_t_top
1,1,1,1,1,1,1,1,1,1,1,1,1,1,1,1,1,1;1,0,0,0,0,0,0,0,0,1,0,0,0,0,0,0,0,1;1,0,0,0,0,0,0,0,0,1,0,0,0,0,0,0,0,1;1,0,0,0,0,0,1,0,0,0,0,0,1,0,0,0,0,1;1,0,0,0,0,0,1,0,0,0,0,0,1,0,0,0,0,1;1,1,1,1,1,1,1,1,1,1,1,1,1,1,1,0,0,1;1,0,0,0,0,0,0,0,0,0,0,0,1,0,0,0,0,1;1,0,0,0,0,0,0,0,0,0,0,0,1,0,0,0,0,1;1,0,0,0,0,0,1,1,1,1,1,0,0,0,0,1,1,1;1,0,0,0,0,0,1,0,0,0,1,0,0,0,0,0,0,1;1,1,1,1,1,1,1,1,1,1,1,1,1,1,1,1,1,1
1661.28
75
dbsus2.wav
0,0,0,0,0,0,0,0,0,0,0,0,0,0,0,0,0,0;0,0,0,0,0,0,0,0,0,0,0,0,0,0,0,0,0,0;0,0,0,0,0,0,0,0,0,0,0,0,0,0,0,0,0,0;0,0,0,0,0,0,0,0,0,0,0,0,0,0,0,0,0,0;0,0,0,0,0,0,0,0,0,0,0,0,0,0,0,0,0,0;3,1,1,1,1,1,1,1,1,1,1,1,14,1,8,0,0,9;2,0,0,0,0,0,0,0,0,0,0,0,2,0,0,0,0,2;2,0,0,0,0,0,0,0,0,0,0,0,10,0,0,0,0,2;2,0,0,0,0,0,3,1,1,1,4,0,0,0,0,7,1,2;2,0,0,0,0,0,2,0,0,0,2,0,0,0,0,0,0,2;5,1,1,1,1,1,1,1,1,1,1,1,1,1,1,1,1,6
740.00
75
gbdim.wav
3,1,1,1,1,1,1,1,1,14,1,1,1,1,1,1,1,4;2,0,0,0,0,0,0,0,0,2,0,0,0,0,0,0,0,2;2,0,0,0,0,0,0,0,0,10,0,0,0,0,0,0,0,2;2,0,0,0,0,0,9,0,0,0,0,0,9,0,0,0,0,2;2,0,11,0,0,0,2,13,13,13,13,13,2,0,0,0,0,2;5,1,1,1,1,1,12,1,1,1,1,1,12,1,8,0,0,10;0,0,0,0,0,0,0,0,0,0,0,0,0,0,0,0,0,0;0,0,0,0,0,0,0,0,0,0,0,0,0,0,0,0,0,0;0,0,0,0,0,0,0,0,0,0,0,0,0,0,0,0,0,0;0,0,0,0,0,0,0,0,0,0,0,0,0,0,0,0,0,0;0,0,0,0,0,0,0,0,0,0,0,0,0,0,0,0,0,0
